SrTiO3 a=3.86A ediff=1e-08 encut=600 3x3x3M disp_step=0.04A
u_1 Energy
-1.1 -353.44902076
-1.0 -353.49702907
-0.9 -353.52530893
-0.8 -353.53807487
-0.7 -353.53924812
-0.6 -353.53251205
-0.5 -353.52093844
-0.4 -353.50731915
-0.3 -353.49420684
-0.2 -353.48350449
-0.1 -353.47651554
0.0 -353.47409048
0.1 -353.47651554
0.2 -353.48350449
0.3 -353.49420684
0.4 -353.50731915
0.5 -353.52093844
0.6 -353.53251205
0.7 -353.53924812
0.8 -353.53807487
0.9 -353.52530893
1.0 -353.49702907
1.1 -353.44902076

e_3 Energy
-0.075 -349.38307032
-0.07 -349.97207
-0.065 -350.50622447
-0.06 -350.98801439
-0.055 -351.41971303
-0.05 -351.80361644
-0.045 -352.14185284
-0.04 -352.43788324
-0.035 -352.69304817
-0.03 -352.90777641
-0.025 -353.08515672
-0.02 -353.22724122
-0.015 -353.33552792
-0.01 -353.41251445
-0.005 -353.45798496
0.0 -353.47409048
0.005 -353.46505875
0.01 -353.42844118
0.015 -353.36680011
0.02 -353.28159152
0.025 -353.17469397
0.03 -353.04669227
0.035 -352.89798966
0.04 -352.73151753
0.045 -352.54646939
0.05 -352.34498535
0.055 -352.12761947
0.06 -351.8952337
0.065 -351.64855447
0.07 -351.38852075
0.075 -351.11631942

e_3 d^2E/du_1du_1
-0.015 -0.665477983044
-0.01 -0.59766694371
-0.005 -0.538707638344
0.0 -0.492199078023
0.005 -0.439141769378
0.01 -0.389835253949
0.015 -0.343830071573


