SrTiO3 a=3.86A ediff=1e-08 encut=600 3x3x3M disp_step=0.04A
u_1 Energy
-1.3 -353.27569493
-1.2 -353.37681644
-1.1 -353.44902076
-1.0 -353.49702907
-0.9 -353.52530893
-0.8 -353.53807487
-0.7 -353.53924812
-0.6 -353.53251205
-0.5 -353.52093844
-0.4 -353.50731915
-0.3 -353.49420684
-0.2 -353.48350449
-0.1 -353.47651554
0.0 -353.47409048
0.1 -353.47651554
0.2 -353.48350449
0.3 -353.49420684
0.4 -353.50731915
0.5 -353.52093844
0.6 -353.53251205
0.7 -353.53924812
0.8 -353.53807487
0.9 -353.52530893
1.0 -353.49702907
1.1 -353.44902076
1.2 -353.37681644
1.3 -353.27569493

u_2 Energy
-0.45 -353.51412701
-0.4 -353.50729408
-0.35 -353.50057834
-0.3 -353.49418161
-0.25 -353.4884312
-0.2 -353.48347907
-0.15 -353.47945374
-0.1 -353.47649004
-0.05 -353.47467868
0.0 -353.47406495
0.05 -353.47467868
0.1 -353.47649004
0.15 -353.47945374
0.2 -353.48347907
0.25 -353.4884312
0.3 -353.49418161
0.35 -353.50057834
0.4 -353.50729408
0.45 -353.51412701

u_3 Energy
-0.45 -353.51412056
-0.4 -353.50728902
-0.35 -353.50057443
-0.3 -353.49417871
-0.25 -353.48842918
-0.2 -353.4834778
-0.15 -353.47945303
-0.1 -353.47648974
-0.05 -353.47467861
0.0 -353.47406495
0.05 -353.47467861
0.1 -353.47648974
0.15 -353.47945303
0.2 -353.4834778
0.25 -353.48842918
0.3 -353.49417871
0.35 -353.50057443
0.4 -353.50728902
0.45 -353.51412056

u_4 Energy
-0.45 -353.47080606
-0.4 -353.47297494
-0.35 -353.47412464
-0.3 -353.47474714
-0.25 -353.47495439
-0.2 -353.47480389
-0.15 -353.47457346
-0.1 -353.47432432
-0.05 -353.47413651
0.0 -353.47406495
0.05 -353.47413651
0.1 -353.47432432
0.15 -353.47457346
0.2 -353.47480389
0.25 -353.47495439
0.3 -353.47474714
0.35 -353.47412464
0.4 -353.47297494
0.45 -353.47080606

u_5 Energy
-0.45 -353.47080606
-0.4 -353.47297494
-0.35 -353.47412465
-0.3 -353.47474716
-0.25 -353.47495441
-0.2 -353.47480387
-0.15 -353.47457346
-0.1 -353.47432432
-0.05 -353.47413652
0.0 -353.47406495
0.05 -353.47413652
0.1 -353.47432432
0.15 -353.47457346
0.2 -353.47480387
0.25 -353.47495441
0.3 -353.47474716
0.35 -353.47412465
0.4 -353.47297494
0.45 -353.47080606

u_6 Energy
-0.45 -353.47106429
-0.4 -353.47311983
-0.35 -353.47431151
-0.3 -353.4748178
-0.25 -353.47494501
-0.2 -353.47482728
-0.15 -353.474578
-0.1 -353.47432014
-0.05 -353.4741358
0.0 -353.47406495
0.05 -353.4741358
0.1 -353.47432014
0.15 -353.474578
0.2 -353.47482728
0.25 -353.47494501
0.3 -353.4748178
0.35 -353.47431151
0.4 -353.47311983
0.45 -353.47106429

u_7 Energy
-0.45 -353.47402615
-0.4 -353.47403193
-0.35 -353.47403959
-0.3 -353.47404966
-0.25 -353.47405439
-0.2 -353.47405468
-0.15 -353.47406032
-0.1 -353.47406706
-0.05 -353.47406725
0.0 -353.47406495
0.05 -353.47406725
0.1 -353.47406706
0.15 -353.47406032
0.2 -353.47405468
0.25 -353.47405439
0.3 -353.47404966
0.35 -353.47403959
0.4 -353.47403193
0.45 -353.47402615


e_3 Energy
-0.075 -349.38307032
-0.07 -349.97207
-0.065 -350.50622447
-0.06 -350.98801439
-0.055 -351.41971303
-0.05 -351.80361644
-0.045 -352.14185284
-0.04 -352.43788324
-0.035 -352.69304817
-0.03 -352.90777641
-0.025 -353.08515672
-0.02 -353.22724122
-0.015 -353.33552792
-0.01 -353.41251445
-0.005 -353.45798496
0.0 -353.47409048
0.005 -353.46505875
0.01 -353.42844118
0.015 -353.36680011
0.02 -353.28159152
0.025 -353.17469397
0.03 -353.04669227
0.035 -352.89798966
0.04 -352.73151753
0.045 -352.54646939
0.05 -352.34498535
0.055 -352.12761947
0.06 -351.8952337
0.065 -351.64855447
0.07 -351.38852075
0.075 -351.11627505

e_4 Energy
-0.02 -353.40773146
-0.01 -353.45849303
0.0 -353.47406495
0.01 -353.458493
0.02 -353.40773148

e_5 Energy
-0.02 -353.40773146
-0.01 -353.45849299
0.0 -353.47406495
0.01 -353.45849299
0.02 -353.40773145

e_3 d^2E/du_1du_1
-0.01 -0.779276781371
-0.005 -0.691538534782
0.0 -0.61594964038
0.005 -0.538110372772
0.01 -0.488920616228

e_3 d^2E/du_2du_2
-0.01 -0.776826726403
-0.005 -0.67668844935
0.0 -0.613949662279
0.005 -0.548110459195
0.01 -0.495370610478

e_3 d^2E/du_3du_3
-0.01 -0.5226
-0.005 -0.571
0.0 -0.6164
0.005 -0.6598
0.01 -0.6916

e_3 d^2E/du_4du_4
-0.01 -0.230794479746
-0.005 -0.147392879849
0.0 -0.0702108812624
0.005 -0.00799916889639
0.01 0.0456954176676

e_3 d^2E/du_5du_5
-0.01 -0.230118752215
-0.005 -0.144465729711
0.0 -0.0698545859434
0.005 -0.00650643230126
0.01 0.0477348935171

e_3 d^2E/du_6du_6
-0.01 0.0684
-0.005 0.0013
0.0 -0.0578
0.005 -0.1385
0.01 -0.1915

e_3 d^2E/du_7du_7
-0.01 0.000147081437905
-0.005 0.000309838764067
0.0 0.000432370722155
0.005 0.000334137079232
0.01 0.000470255556288
